167715
2683403634
1440570723
3324541601
4982448
1496064572
1353159953
1353164043
1353164051
2606196666
1803720894
1309394517
354585
354588
354591
354595
354598
354601
354604
354606
354607
354609
354557
354495
354495
354500
354505
354505
354515
354515
354519
354519
354523
354523
354529
354529
354535
354535
354540
354540
354387
354390
354393
354396
354399
354406
354409
354414
354417
30780496
1440570723
1500151579
1500151580
1500152659
1500152660
1500151581
1500151582
1500151583
1409311773
1472480890
1854474192
1819308141
1819306492
1819306493
1819306495
1819306496
1819306497
1819308142
1819306498
1819308143
1819306499
1819308144
1819306501
2053440983
2053438555
2053438556
2053438557
2053438558
2053440984
2053438559
2053440985
2053440986
2053440987
2053438560
2053438561
2053438562
1399788799
1399789325
1399789326
1397619674
1399789327
1399788801
1395927167
1399788803
1399789328
1399788804
1399788805
1399788806
1399788807
1814284112
454231736
454224839
454231746
454231783
454231893
454231898
454231899
185700
25648006
82360
82453
1309814666
25642788
25642111
25642952
25642119
25986099
25986095
150617
150619
150621
150623
150625
150629
150631
150600
2690549642
2690549642
150429
150430
150431
150432
150433
150434
150435
150436
150440
150437
150438
150439
150424
150651
150654
150656
150658
150660
150665
150667
150669
150671
150674
1859065057
150552
150556
150558
150560
150561
150562
150563
150564
150565
150566
150568
150570
354333
354337
354341
1477386754
354349
354352
3333979830
354360
354364
354368
354374
2016855399
